[gd_scene load_steps=9 format=3 uid="uid://cyledum63ycli"]

[ext_resource type="PackedScene" uid="uid://c5gsq5uefuibs" path="res://shaders/low_poly_water/low_poly_water_plane.tscn" id="1_fc83g"]

[sub_resource type="ProceduralSkyMaterial" id="ProceduralSkyMaterial_uf35c"]
sky_horizon_color = Color(0.64625, 0.65575, 0.67075, 1)
ground_horizon_color = Color(0.64625, 0.65575, 0.67075, 1)

[sub_resource type="Sky" id="Sky_l8ijr"]
sky_material = SubResource("ProceduralSkyMaterial_uf35c")

[sub_resource type="Environment" id="Environment_2e4po"]
background_mode = 2
sky = SubResource("Sky_l8ijr")
tonemap_mode = 2
glow_enabled = true

[sub_resource type="CylinderMesh" id="CylinderMesh_xyct8"]
height = 4.0

[sub_resource type="SphereMesh" id="SphereMesh_vnl1y"]
radius = 1.0
height = 2.0

[sub_resource type="StandardMaterial3D" id="StandardMaterial3D_dqbv7"]
albedo_color = Color(0.490196, 0.364706, 0.192157, 1)

[sub_resource type="PlaneMesh" id="PlaneMesh_6flik"]
material = SubResource("StandardMaterial3D_dqbv7")
size = Vector2(20, 20)

[node name="Water Test 001" type="Node3D"]

[node name="DirectionalLight3D" type="DirectionalLight3D" parent="."]
transform = Transform3D(-0.991445, 0.123636, -0.0418484, 1.11826e-16, 0.320613, 0.94721, 0.130526, 0.939107, -0.31787, 0, 0, 0)
shadow_enabled = true

[node name="WorldEnvironment" type="WorldEnvironment" parent="."]
environment = SubResource("Environment_2e4po")

[node name="Column" type="MeshInstance3D" parent="."]
transform = Transform3D(1, 0, 0, 0, 1, 0, 0, 0, 1, -1.69121, -0.990572, 0.210869)
mesh = SubResource("CylinderMesh_xyct8")

[node name="Column2" type="MeshInstance3D" parent="."]
transform = Transform3D(1, 0, 0, 0, 1, 0, 0, 0, 1, 2.72617, -1.46928, 1.66035)
mesh = SubResource("CylinderMesh_xyct8")

[node name="Sphere" type="MeshInstance3D" parent="."]
transform = Transform3D(1, 0, 0, 0, 1, 0, 0, 0, 1, -3.87782, -0.30323, 1.66935)
mesh = SubResource("SphereMesh_vnl1y")

[node name="LowPolyWaterPlane" parent="." instance=ExtResource("1_fc83g")]

[node name="SeaBottom" type="MeshInstance3D" parent="."]
transform = Transform3D(0.999999, 0.00108208, 0, -0.00108215, 0.999999, 0, 0, 0, 1, 0, -4.08403, 0)
mesh = SubResource("PlaneMesh_6flik")

[node name="SeaBottom2" type="MeshInstance3D" parent="."]
transform = Transform3D(0.947729, -0.319075, 0, 0.319075, 0.947729, 0, 0, 0, 1, 1.25889, -1.02343, 0)
mesh = SubResource("PlaneMesh_6flik")

[node name="SeaBottom3" type="MeshInstance3D" parent="."]
transform = Transform3D(0.175003, -0.0589187, -0.982803, 0.319075, 0.947729, 3.59637e-16, 0.931431, -0.313588, 0.184655, 1.25889, -1.02343, 0)
mesh = SubResource("PlaneMesh_6flik")
