[gd_scene load_steps=4 format=3 uid="uid://bi6jr4hul6tg3"]

[ext_resource type="PackedScene" uid="uid://dugl3ckr6urn4" path="res://shaders/high_contrast/high_contrast_1.tscn" id="1_16lag"]
[ext_resource type="PackedScene" uid="uid://cpld4m4iqx2vr" path="res://shaders/high_contrast/rock_1.tscn" id="1_55wau"]
[ext_resource type="PackedScene" uid="uid://ctmmyhui0hewf" path="res://shaders/high_contrast/maple_tree_1.tscn" id="3_m6y6w"]

[node name="High_Contrast_001" type="Node3D"]

[node name="Rock_1" parent="." instance=ExtResource("1_55wau")]
transform = Transform3D(0.343643, 0, 0.9391, 0, 1, 0, -0.9391, 0, 0.343643, 0.335966, 0, -2.0448)

[node name="Node3D" type="Node3D" parent="."]

[node name="BirchTree_1" parent="Node3D" instance=ExtResource("1_16lag")]
transform = Transform3D(1, -3.48787e-16, 3.48787e-16, 3.48787e-16, 1, -3.48787e-16, -3.48787e-16, 3.48787e-16, 1, 0, 0, 0)

[node name="Node3D2" type="Node3D" parent="."]
transform = Transform3D(-0.151261, -2.92016e-16, -0.988494, 3.48787e-16, 1, -3.48787e-16, 0.988494, -3.97531e-16, -0.151261, 1, 2.08165e-12, -3)

[node name="BirchTree_1" parent="Node3D2" instance=ExtResource("1_16lag")]
transform = Transform3D(1, -3.48787e-16, 3.48787e-16, 3.48787e-16, 1, -3.48787e-16, -3.48787e-16, 3.48787e-16, 1, 0, 0, 0)

[node name="DirectionalLight3D" type="DirectionalLight3D" parent="."]
transform = Transform3D(0.844328, -0.28711, 0.452414, 2.9449e-16, 0.844328, 0.535827, -0.535827, -0.452414, 0.71289, 0, 0, 0)

[node name="Camera3D" type="Camera3D" parent="."]
transform = Transform3D(0.528438, 1.11798e-16, 0.848972, 3.48787e-16, 1, -3.48787e-16, -0.848972, 4.80423e-16, 0.528438, 2.64503, 1.55283, 1.96596)

[node name="MapleTree_1" parent="." instance=ExtResource("3_m6y6w")]
transform = Transform3D(1, 0, 0, 0, 1, 0, 0, 0, 1, -5, -2, 2)
