[gd_scene load_steps=12 format=3 uid="uid://cyledum63ycli"]

[ext_resource type="PackedScene" uid="uid://c5gsq5uefuibs" path="res://shaders/low_poly_water/scenes/low_poly_water_plane.tscn" id="1_fc83g"]

[sub_resource type="ProceduralSkyMaterial" id="ProceduralSkyMaterial_uf35c"]
sky_horizon_color = Color(0.64625, 0.65575, 0.67075, 1)
ground_horizon_color = Color(0.64625, 0.65575, 0.67075, 1)

[sub_resource type="Sky" id="Sky_l8ijr"]
sky_material = SubResource("ProceduralSkyMaterial_uf35c")

[sub_resource type="Environment" id="Environment_2e4po"]
background_mode = 2
sky = SubResource("Sky_l8ijr")
tonemap_mode = 2
glow_enabled = true

[sub_resource type="CylinderMesh" id="CylinderMesh_xyct8"]
height = 4.0

[sub_resource type="SphereMesh" id="SphereMesh_vnl1y"]
radius = 1.0
height = 2.0

[sub_resource type="StandardMaterial3D" id="StandardMaterial3D_swe4s"]
albedo_color = Color(0.797682, 0.477823, 0.266243, 1)

[sub_resource type="StandardMaterial3D" id="StandardMaterial3D_dqbv7"]
albedo_color = Color(0.490196, 0.364706, 0.192157, 1)

[sub_resource type="PlaneMesh" id="PlaneMesh_6flik"]
material = SubResource("StandardMaterial3D_dqbv7")
size = Vector2(20, 20)

[sub_resource type="PrismMesh" id="PrismMesh_1fdg2"]

[sub_resource type="StandardMaterial3D" id="StandardMaterial3D_yiv85"]
albedo_color = Color(1, 0.44, 0.44, 1)

[node name="Water Test 001" type="Node3D"]

[node name="DirectionalLight3D" type="DirectionalLight3D" parent="."]
transform = Transform3D(-0.991445, 0.123636, -0.0418484, 1.11826e-16, 0.320613, 0.94721, 0.130526, 0.939107, -0.31787, 0, 0, 0)
shadow_enabled = true

[node name="WorldEnvironment" type="WorldEnvironment" parent="."]
environment = SubResource("Environment_2e4po")

[node name="Column" type="MeshInstance3D" parent="."]
transform = Transform3D(1, 0, 0, 0, 1, 0, 0, 0, 1, -1.69121, -0.990572, 0.210869)
mesh = SubResource("CylinderMesh_xyct8")

[node name="Column2" type="MeshInstance3D" parent="."]
transform = Transform3D(1, 0, 0, 0, 1, 0, 0, 0, 1, 2.72617, -1.46928, 1.66035)
mesh = SubResource("CylinderMesh_xyct8")

[node name="Sphere" type="MeshInstance3D" parent="."]
transform = Transform3D(1, 0, 0, 0, 1, 0, 0, 0, 1, -3.87782, -0.30323, 1.66935)
mesh = SubResource("SphereMesh_vnl1y")
surface_material_override/0 = SubResource("StandardMaterial3D_swe4s")

[node name="SeaBottom" type="MeshInstance3D" parent="."]
transform = Transform3D(0.999999, 0.00108208, 0, -0.00108215, 0.999999, 0, 0, 0, 1, 0, -4.08403, 0)
mesh = SubResource("PlaneMesh_6flik")

[node name="SeaBottom2" type="MeshInstance3D" parent="."]
transform = Transform3D(0.947729, -0.319075, 0, 0.319075, 0.947729, 0, 0, 0, 1, 1.25889, -1.02343, 0)
mesh = SubResource("PlaneMesh_6flik")

[node name="SeaBottom3" type="MeshInstance3D" parent="."]
transform = Transform3D(0.175003, -0.0589187, -0.982803, 0.319075, 0.947729, 3.59637e-16, 0.931431, -0.313588, 0.184655, 1.25889, -1.02343, 0)
mesh = SubResource("PlaneMesh_6flik")

[node name="SeaBottom4" type="MeshInstance3D" parent="."]
transform = Transform3D(-0.117145, 0.0394238, -0.992332, 0.318959, 0.947768, -3.48787e-16, 0.9405, -0.316513, -0.123601, -13.6601, -0.032488, 3.54931)
mesh = SubResource("PlaneMesh_6flik")

[node name="Camera3D" type="Camera3D" parent="."]
transform = Transform3D(0.850811, -0.21289, 0.480415, 3.1888e-16, 0.914254, 0.405142, -0.525472, -0.344699, 0.777857, 1.33, 2.21, 3.39)

[node name="Node" type="Node" parent="."]

[node name="LowPolyWaterPlane" parent="Node" instance=ExtResource("1_fc83g")]
skeleton = NodePath("../..")

[node name="LowPolyWaterPlane2" parent="Node" instance=ExtResource("1_fc83g")]
transform = Transform3D(1, 0, 0, 0, 1, 0, 0, 0, 1, 2.08165e-12, 2.08165e-12, -10)
skeleton = NodePath("../..")

[node name="LowPolyWaterPlane3" parent="Node" instance=ExtResource("1_fc83g")]
transform = Transform3D(1, 0, 0, 0, 1, 0, 0, 0, 1, -10, 2.08165e-12, -10)
skeleton = NodePath("../..")

[node name="LowPolyWaterPlane4" parent="Node" instance=ExtResource("1_fc83g")]
transform = Transform3D(1, 0, 0, 0, 1, 0, 0, 0, 1, -10, 2.08165e-12, 2.08165e-12)
skeleton = NodePath("../..")

[node name="MeshInstance3D" type="MeshInstance3D" parent="."]
transform = Transform3D(1.74071, -9.50639e-16, -1.47727, 6.97574e-16, 2, -1.04636e-15, 0.984847, 2.63635e-16, 2.61107, -5.73981, 2.08165e-12, -2.982)
mesh = SubResource("PrismMesh_1fdg2")
surface_material_override/0 = SubResource("StandardMaterial3D_yiv85")
